3

100 100
80
39	20
72	53
92	18
68	87
88	42
11	29
54	5
98	28
18	57
6	69
94	83
50	48
91	46
91	86
22	49
51	10
27	36
8	21
36	38
84	74
79	83
87	37
86	42
43	89
33	3
75	27
10	67
66	55
27	27
66	2
81	58
27	17
75	7
92	41
61	51
1	36
92	33
24	56
8	84
9	95
44	51
90	35
8	60
13	6
100	77
76	45
87	55
14	98
27	26
71	54
50	75
99	17
63	80
55	68
29	19
11	31
44	7
65	81
62	95
69	86
85	85
34	80
99	99
41	92
84	69
52	39
22	75
16	49
69	50
93	40
8	94
93	58
20	69
24	37
94	4
10	15
65	76
70	7
36	69
18	67
 20 1

20 20
8
 18 16
12  19
12  3
17  13
8   1
18  11
8   5
11  10
10 1

20 20
15
13  19
6   20
7   12
9   19
14  2
12  15
16  10
20  20
16  15
1   6
16  17
7   2
16  7
7   14
6   2
10 1